20160104150000
20160105150000
20160106150000
20160107150000
20160108150000
20160111150000
20160112150000
20160113150000
20160114150000
20160115150000
20160118150000
20160119150000
20160120150000
20160121150000
20160122150000
20160125150000
20160126150000
20160127150000
20160128150000
20160129150000
20160201150000
20160202150000
20160203150000
20160204150000
20160205150000
20160215150000
20160216150000
20160217150000
20160218150000
20160219150000
20160222150000
20160223150000
20160224150000
20160225150000
20160226150000
20160229150000
20160301150000
20160302150000
20160303150000
20160304150000
20160307150000
20160308150000
20160309150000
20160310150000
20160311150000
20160314150000
20160315150000
20160316150000
20160317150000
20160318150000
20160321150000
20160322150000
20160323150000
20160324150000
20160325150000
20160328150000
20160329150000
20160330150000
20160331150000
20160401150000
20160405150000
20160406150000
20160407150000
20160408150000
20160411150000
20160412150000
20160413150000
20160414150000
20160415150000
20160418150000
20160419150000
20160420150000
20160421150000
20160422150000
20160425150000
20160426150000
20160427150000
20160428150000
20160429150000
20160503150000
20160504150000
20160505150000
20160506150000
20160509150000
20160510150000
20160511150000
20160512150000
20160513150000
20160516150000
20160517150000
20160518150000
20160519150000
20160520150000
20160523150000
20160524150000
20160525150000
20160526150000
20160527150000
20160530150000
20160531150000
20160601150000
20160602150000
20160603150000
20160606150000
20160607150000
20160608150000
20160613150000
20160614150000
20160615150000
20160616150000
20160617150000
20160620150000
20160621150000
20160622150000
20160623150000
20160624150000
20160627150000
20160628150000
20160629150000
20160630150000
20160701150000
20160704150000
20160705150000
20160706150000
20160707150000
20160708150000
20160711150000
20160712150000
20160713150000
20160714150000
20160715150000
20160718150000
20160719150000
20160720150000
20160721150000
20160722150000
20160725150000
20160726150000
20160727150000
20160728150000
20160729150000
20160801150000
20160802150000
20160803150000
20160804150000
20160805150000
20160808150000
20160809150000
20160810150000
20160811150000
20160812150000
20160815150000
20160816150000
20160817150000
20160818150000
20160819150000
20160822150000
20160823150000
20160824150000
20160825150000
20160826150000
20160829150000
20160830150000
20160831150000
20160901150000
20160902150000
20160905150000
20160906150000
20160907150000
20160908150000
20160909150000
20160912150000
20160913150000
20160914150000
20160919150000
20160920150000
20160921150000
20160922150000
20160923150000
20160926150000
20160927150000
20160928150000
20160929150000
20160930150000
20161010150000
20161011150000
20161012150000
20161013150000
20161014150000
20161017150000
20161018150000
20161019150000
20161020150000
20161021150000
20161024150000
20161025150000
20161026150000
20161027150000
20161028150000
20161031150000
20161101150000
20161102150000
20161103150000
20161104150000
20161107150000
20161108150000
20161109150000
20161110150000
20161111150000
20161114150000
20161115150000
20161116150000
20161117150000
20161118150000
20161121150000
20161122150000
20161123150000
20161124150000
20161125150000
20161128150000
20161129150000
20161130150000
20161201150000
20161202150000
20161205150000
20161206150000
20161207150000
20161208150000
20161209150000
20161212150000
20161213150000
20161214150000
20161215150000
20161216150000
20161219150000
20161220150000
20161221150000
20161222150000
20161223150000
20161226150000
20161227150000
20161228150000
20161229150000
20161230150000
20170103150000
20170104150000
20170105150000
20170106150000
20170109150000
20170110150000
20170111150000
20170112150000
20170113150000
20170116150000
20170117150000
20170118150000
20170119150000
20170120150000
20170123150000
20170124150000
20170125150000
20170126150000
20170203150000
20170206150000
20170207150000
20170208150000
20170209150000
20170210150000
20170213150000
20170214150000
20170215150000
20170216150000
20170217150000
20170220150000
20170221150000
20170222150000
20170223150000
20170224150000
20170227150000
20170228150000
20170301150000
20170302150000
20170303150000
20170306150000
20170307150000
20170308150000
20170309150000
20170310150000
20170313150000
20170314150000
20170315150000
20170316150000
20170317150000
20170320150000
20170321150000
20170322150000
20170323150000
20170324150000
20170327150000
20170328150000
20170329150000
20170330150000
20170331150000
20170405150000
20170406150000
20170407150000
20170410150000
20170411150000
20170412150000
20170413150000
20170414150000
20170417150000
20170418150000
20170419150000
20170420150000
20170421150000
20170424150000
20170425150000
20170426150000
20170427150000
20170428150000
20170502150000
20170503150000
20170504150000
20170505150000
20170508150000
20170509150000
20170510150000
20170511150000
20170512150000
20170515150000
20170516150000
20170517150000
20170518150000
20170519150000
20170522150000
20170523150000
20170524150000
20170525150000
20170526150000
20170531150000
20170601150000
20170602150000
20170605150000
20170606150000
20170607150000
20170608150000
20170609150000
20170612150000
20170613150000
20170614150000
20170615150000
20170616150000
20170619150000
20170620150000
20170621150000
20170622150000
20170623150000
20170626150000
20170627150000
20170628150000
20170629150000
20170630150000
20170703150000
20170704150000
20170705150000
20170706150000
20170707150000
20170710150000
20170711150000
20170712150000
20170713150000
20170714150000
20170717150000
20170718150000
20170719150000
20170720150000
20170721150000
20170724150000
20170725150000
20170726150000
20170727150000
20170728150000
20170731150000
20170801150000
20170802150000
20170803150000
20170804150000
20170807150000
20170808150000
20170809150000
20170810150000
20170811150000
20170814150000
20170815150000
20170816150000
20170817150000
20170818150000
20170821150000
20170822150000
20170823150000
20170824150000
20170825150000
20170828150000
20170829150000
20170830150000
20170831150000
20170901150000
20170904150000
20170905150000
20170906150000
20170907150000
20170908150000
20170911150000
20170912150000
20170913150000
20170914150000
20170915150000
20170918150000
20170919150000
20170920150000
20170921150000
20170922150000
20170925150000
20170926150000
20170927150000
20170928150000
20170929150000
20171009150000
20171010150000
20171011150000
20171012150000
20171013150000
20171016150000
20171017150000
20171018150000
20171019150000
20171020150000
20171023150000
20171024150000
20171025150000
20171026150000
20171027150000
20171030150000
20171031150000
20171101150000
20171102150000
20171103150000
20171106150000
20171107150000
20171108150000
20171109150000
20171110150000
20171113150000
20171114150000
20171115150000
20171116150000
20171117150000
20171120150000
20171121150000
20171122150000
20171123150000
20171124150000
20171127150000
20171128150000
20171129150000
20171130150000
20171201150000
20171204150000
20171205150000
20171206150000
20171207150000
20171208150000
20171211150000
20171212150000
20171213150000
20171214150000
20171215150000
20171218150000
20171219150000
20171220150000
20171221150000
20171222150000
20171225150000
20171226150000
20171227150000
20171228150000
20171229150000
20180102150000
20180103150000
20180104150000
20180105150000
20180108150000
20180109150000
20180110150000
20180111150000
20180112150000
20180115150000
20180116150000
20180117150000
20180118150000
20180119150000
20180122150000
20180123150000
20180124150000
20180125150000
20180126150000
20180129150000
20180130150000
20180131150000
20180201150000
20180202150000
20180205150000
20180206150000
20180207150000
20180208150000
20180209150000
20180212150000
20180213150000
20180214150000
20180222150000
20180223150000
20180226150000
20180227150000
20180228150000
20180301150000
20180302150000
20180305150000
20180306150000
20180307150000
20180308150000
20180309150000
20180312150000
20180313150000
20180314150000
20180315150000
20180316150000
20180319150000
20180320150000
20180321150000
20180322150000
20180323150000
20180326150000
20180327150000
20180328150000
20180329150000
20180330150000
20180402150000
20180403150000
20180404150000
20180409150000
20180410150000
20180411150000
20180412150000
20180413150000
20180416150000
20180417150000
20180418150000
20180419150000
20180420150000
20180423150000
20180424150000
20180425150000
20180426150000
20180427150000
20180502150000
20180503150000
20180504150000
20180507150000
20180508150000
20180509150000
20180510150000
20180511150000
20180514150000
20180515150000
20180516150000
20180517150000
20180518150000
20180521150000
20180522150000
20180523150000
20180524150000
20180525150000
20180528150000
20180529150000
20180530150000
20180531150000
20180601150000
20180604150000
20180605150000
20180606150000
20180607150000
20180608150000
20180611150000
20180612150000
20180613150000
20180614150000
20180615150000
20180619150000
20180620150000
20180621150000
20180622150000
20180625150000
20180626150000
20180627150000
20180628150000
20180629150000
20180702150000
20180703150000
20180704150000
20180705150000
20180706150000
20180709150000
20180710150000
20180711150000
20180712150000
20180713150000
20180716150000
20180717150000
20180718150000
20180719150000
20180720150000
20180723150000
20180724150000
20180725150000
20180726150000
20180727150000
20180730150000
20180731150000
20180801150000
20180802150000
20180803150000
20180806150000
20180807150000
20180808150000
20180809150000
20180810150000
20180813150000
20180814150000
20180815150000
20180816150000
20180817150000
20180820150000
20180821150000
20180822150000
20180823150000
20180824150000
20180827150000
20180828150000
20180829150000
20180830150000
20180831150000
20180903150000
20180904150000
20180905150000
20180906150000
20180907150000
20180910150000
20180911150000
20180912150000
20180913150000
20180914150000
20180917150000
20180918150000
20180919150000
20180920150000
20180921150000
20180925150000
20180926150000
20180927150000
20180928150000
20181008150000
20181009150000
20181010150000
20181011150000
20181012150000
20181015150000
20181016150000
20181017150000
20181018150000
20181019150000
20181022150000
20181023150000
20181024150000
20181025150000
20181026150000
20181029150000
20181030150000
20181031150000
20181101150000
20181102150000
20181105150000
20181106150000
20181107150000
20181108150000
20181109150000
20181112150000
20181113150000
20181114150000
20181115150000
20181116150000
20181119150000
20181120150000
20181121150000
20181122150000
20181123150000
20181126150000
20181127150000
20181128150000
20181129150000
20181130150000
20181203150000
20181204150000
20181205150000
20181206150000
20181207150000
20181210150000
20181211150000
20181212150000
20181213150000
20181214150000
20181217150000
20181218150000
20181219150000
20181220150000
20181221150000
20181224150000
20181225150000
20181226150000
20181227150000
20181228150000
20190102150000
20190103150000
20190104150000
20190107150000
20190108150000
20190109150000
20190110150000
20190111150000
20190114150000
20190115150000
20190116150000
20190117150000
20190118150000
20190121150000
20190122150000
20190123150000
20190124150000
20190125150000
20190128150000
20190129150000
20190130150000
20190131150000
20190201150000
20190211150000
20190212150000
20190213150000
20190214150000
20190215150000
20190218150000
20190219150000
20190220150000
20190221150000
20190222150000
20190225150000
20190226150000
20190227150000
20190228150000
20190301150000
20190304150000
20190305150000
20190306150000
20190307150000
20190308150000
20190311150000
20190312150000
20190313150000
20190314150000
20190315150000
20190318150000
20190319150000
20190320150000
20190321150000
20190322150000
20190325150000
20190326150000
20190327150000
20190328150000
20190329150000
20190401150000
20190402150000
20190403150000
20190404150000
20190408150000
20190409150000
20190410150000
20190411150000
20190412150000
20190415150000
20190416150000
20190417150000
20190418150000
20190419150000
20190422150000
20190423150000
20190424150000
20190425150000
20190426150000
20190429150000
20190430150000
20190506150000
20190507150000
20190508150000
20190509150000
20190510150000
20190513150000
20190514150000
20190515150000
20190516150000
20190517150000
20190520150000
20190521150000
20190522150000
20190523150000
20190524150000
20190527150000
20190528150000
20190529150000
20190530150000
20190531150000
20190603150000
20190604150000
20190605150000
20190606150000
20190610150000
20190611150000
20190612150000
20190613150000
20190614150000
20190617150000
20190618150000
20190619150000
20190620150000
20190621150000
20190624150000
20190625150000
20190626150000
20190627150000
20190628150000
20190701150000
20190702150000
20190703150000
20190704150000
20190705150000
20190708150000
20190709150000
20190710150000
20190711150000
20190712150000
20190715150000
20190716150000
20190717150000
20190718150000
20190719150000
20190722150000
20190723150000
20190724150000
20190725150000
20190726150000
20190729150000
20190730150000
20190731150000
20190801150000
20190802150000
20190805150000
20190806150000
20190807150000
20190808150000
20190809150000
20190812150000
20190813150000
20190814150000
20190815150000
20190816150000
20190819150000
20190820150000
20190821150000
20190822150000
20190823150000
20190826150000
20190827150000
20190828150000
20190829150000
20190830150000
20190902150000
20190903150000
20190904150000
20190905150000
20190906150000
20190909150000
20190910150000
20190911150000
20190912150000
20190916150000
20190917150000
20190918150000
20190919150000
20190920150000
20190923150000
20190924150000
20190925150000
20190926150000
20190927150000
20190930150000
20191008150000
20191009150000
20191010150000
20191011150000
20191014150000
20191015150000
20191016150000
20191017150000
20191018150000
20191021150000
20191022150000
20191023150000
20191024150000
20191025150000
20191028150000
20191029150000
20191030150000
20191031150000
20191101150000
20191104150000
20191105150000
20191106150000
20191107150000
20191108150000
20191111150000
20191112150000
20191113150000
20191114150000
20191115150000
20191118150000
20191119150000
20191120150000
20191121150000
20191122150000
20191125150000
20191126150000
20191127150000
20191128150000
20191129150000
20191202150000
20191203150000
20191204150000
20191205150000
20191206150000
20191209150000
20191210150000
20191211150000
20191212150000
20191213150000
20191216150000
20191217150000
20191218150000
20191219150000
20191220150000
20191223150000
20191224150000
20191225150000
20191226150000
20191227150000
20191230150000
20191231150000
20200102150000
20200103150000
20200106150000
20200107150000
20200108150000
20200109150000
20200110150000
20200113150000
20200114150000
20200115150000
20200116150000
20200117150000
20200120150000
20200121150000
20200122150000
20200203150000
20200204150000
20200205150000
20200206150000
20200207150000
20200210150000
20200211150000
20200212150000
20200213150000
20200214150000
20200217150000
20200218150000
20200219150000
20200220150000
20200221150000
20200224150000
20200225150000
20200226150000
20200227150000
20200228150000
20200302150000
20200303150000
20200304150000
20200305150000
20200306150000
20200309150000
20200310150000
20200311150000
20200312150000
20200313150000
20200316150000
20200317150000
20200318150000
20200319150000
20200320150000
20200323150000
20200324150000
20200325150000
20200326150000
20200327150000
20200330150000
20200331150000
20200401150000
20200402150000
20200403150000
20200407150000
20200408150000
20200409150000
20200410150000
20200413150000
20200414150000
20200415150000
20200416150000
20200417150000
20200420150000
20200421150000
20200422150000
20200423150000
20200424150000
20200427150000
20200428150000
20200429150000
20200430150000
20200506150000
20200507150000
20200508150000
20200511150000
20200512150000
20200513150000
20200514150000
20200515150000
20200518150000
20200519150000
20200520150000
20200521150000
20200522150000
20200525150000
20200526150000
20200527150000
20200528150000
20200529150000
20200601150000
20200602150000
20200603150000
20200604150000
20200605150000
20200608150000
20200609150000
20200610150000
20200611150000
20200612150000
20200615150000
20200616150000
20200617150000
20200618150000
20200619150000
20200622150000
20200623150000
20200624150000
20200629150000
20200630150000
20200701150000
20200702150000
20200703150000
20200706150000
20200707150000
20200708150000
20200709150000
20200710150000
20200713150000
20200714150000
20200715150000
20200716150000
20200717150000
20200720150000
20200721150000
20200722150000
20200723150000
20200724150000
20200727150000
20200728150000
20200729150000
20200730150000
20200731150000
20200803150000
20200804150000
20200805150000
20200806150000
20200807150000
20200810150000
20200811150000
20200812150000
20200813150000
20200814150000
20200817150000
20200818150000
20200819150000
20200820150000
20200821150000
20200824150000
20200825150000
20200826150000
20200827150000
20200828150000
20200831150000
20200901150000
20200902150000
20200903150000
20200904150000
20200907150000
20200908150000
20200909150000
20200910150000
20200911150000
20200914150000
20200915150000
20200916150000
20200917150000
20200918150000
20200921150000
20200922150000
20200923150000
20200924150000
20200925150000
20200928150000
20200929150000
20200930150000
20201009150000
20201012150000
20201013150000
20201014150000
20201015150000
20201016150000
20201019150000
20201020150000
20201021150000
20201022150000
20201023150000
20201026150000
20201027150000
20201028150000
20201029150000
20201030150000
20201102150000
20201103150000
20201104150000
20201105150000
20201106150000
20201109150000
20201110150000
20201111150000
20201112150000
20201113150000
20201116150000
20201117150000
20201118150000
20201119150000
20201120150000
20201123150000
20201124150000
20201125150000
20201126150000
20201127150000
20201130150000
20201201150000
20201202150000
20201203150000
20201204150000
20201207150000
20201208150000
20201209150000
20201210150000
20201211150000
20201214150000
20201215150000
20201216150000
20201217150000
20201218150000
20201221150000
20201222150000
20201223150000
20201224150000
20201225150000
20201228150000
20201229150000
20201230150000
20201231150000
20210104150000
20210105150000
20210106150000
20210107150000
20210108150000
20210111150000
20210112150000
20210113150000
20210114150000
20210115150000
20210118150000
20210119150000
20210120150000
20210121150000
20210122150000
20210125150000
20210126150000
20210127150000
20210128150000
20210129150000
20210201150000
20210202150000
20210203150000
20210204150000
20210205150000
20210208150000
20210209150000
20210210150000
20210218150000
20210219150000
20210222150000
20210223150000
20210224150000
20210225150000
20210226150000
20210301150000
20210302150000
20210303150000
20210304150000
20210305150000
20210308150000
20210309150000
20210310150000
20210311150000
20210312150000
20210315150000
20210316150000
20210317150000
20210318150000
20210319150000
20210322150000
20210323150000
20210324150000
20210325150000
20210326150000
20210329150000
20210330150000
20210331150000
20210401150000
20210402150000
20210406150000
20210407150000
20210408150000
20210409150000
20210412150000
20210413150000
20210414150000
20210415150000
20210416150000
20210419150000
20210420150000
20210421150000
20210422150000
20210423150000
20210426150000
20210427150000
20210428150000
20210429150000
20210430150000
20210506150000
20210507150000
20210510150000
20210511150000
20210512150000
20210513150000
20210514150000
20210517150000
20210518150000
20210519150000
20210520150000
20210521150000
20210524150000
20210525150000
20210526150000
20210527150000
20210528150000
20210531150000
20210601150000
20210602150000
20210603150000
20210604150000
20210607150000
20210608150000
20210609150000
20210610150000
20210611150000
20210615150000
20210616150000
20210617150000
20210618150000
20210621150000
20210622150000
20210623150000
20210624150000
20210625150000
20210628150000
20210629150000
20210630150000
20210701150000
20210702150000
20210705150000
20210706150000
20210707150000
20210708150000
20210709150000
20210712150000
20210713150000
20210714150000
20210715150000
20210716150000
20210719150000
20210720150000
20210721150000
20210722150000
20210723150000
20210726150000
20210727150000
20210728150000
20210729150000
20210730150000
20210802150000
20210803150000
20210804150000
20210805150000
20210806150000
20210809150000
20210810150000
20210811150000
20210812150000
20210813150000
20210816150000
20210817150000
20210818150000
20210819150000
20210820150000
20210823150000
20210824150000
20210825150000
20210826150000
20210827150000
20210830150000
20210831150000
20210901150000
20210902150000
20210903150000
20210906150000
20210907150000
20210908150000
20210909150000
20210910150000
20210913150000
20210914150000
20210915150000
20210916150000
20210917150000
20210922150000
20210923150000
20210924150000
20210927150000
20210928150000
20210929150000
20210930150000
20211008150000
20211011150000
20211012150000
20211013150000
20211014150000
20211015150000
20211018150000
20211019150000
20211020150000
20211021150000
20211022150000
20211025150000
20211026150000
20211027150000
20211028150000
20211029150000
20211101150000
20211102150000
20211103150000
20211104150000
20211105150000
20211108150000
20211109150000
20211110150000
20211111150000
20211112150000
20211115150000
20211116150000
20211117150000
20211118150000
20211119150000
20211122150000
20211123150000
20211124150000
20211125150000
20211126150000
20211129150000
20211130150000
20211201150000
20211202150000
20211203150000
20211206150000
20211207150000
20211208150000
20211209150000
20211210150000
20211213150000
20211214150000
20211215150000
20211216150000
20211217150000
20211220150000
20211221150000
20211222150000
20211223150000
20211224150000
20211227150000
20211228150000
20211229150000
20211230150000
20211231150000
